The stream below is d. from left to right you can find the digits in hex

8f ec ed 55 8d 2b 3e b7 4a 41 56 a4 f4 12 93 44 6c a4 c5 99 15 b1 3a 86 37 39 44 2b 77 94 97 49

41 3b eb 50 70 60 f4 e3 41 ff d9 a0 87 bb ea 3b 54 d2 bf 03 b2 16 e0 87 df db fd 0e 8a b4 c5 11

73, 151, 148, 119, 43, 68, 57, 55, 134, 58, 177, 21, 153, 197, 164, 108, 68, 147, 18, 244, 164, 86, 65, 74, 183, 62, 43, 141, 85, 237, 236, 143,

17, 197, 180, 138, 14, 253, 219, 223, 135, 224, 22, 178, 3, 191, 210, 84, 59, 234, 187, 135, 160, 217, 255, 65, 227, 244, 96, 112, 80, 235, 59, 65,

73, 151, 148, 119, 43, 68, 57, 55, 134, 58, 177, 21, 153, 197, 164, 108, 68, 147, 18, 244, 164, 86, 65, 74, 183, 62, 43, 141, 85, 237, 236, 143,

17, 197, 180, 138, 14, 253, 219, 223, 135, 224, 22, 178, 3, 191, 210, 84, 59, 234, 187, 135, 160, 217, 255, 65, 227, 244, 96, 112, 80, 235, 59, 65,
